model: /opt/grx/HRP2A/model/HRP2Amain.wrl
dt: 0.005
wutest.nStep: 20

waist_height: 0.705
end_effectors: rleg, RLEG_JOINT5, WAIST_JOINT, 0.015,0,-0.105,  1,0,0,0, lleg, LLEG_JOINT5, WAIST_JOINT, 0.015,0,-0.105,  1,0,0,0

# for eefm
eefm_zmp: 0.04
eefm_k: -1.2310124,-0.3577664,-0.0223669
eefm_rot: 1000,750,0.1
eefm_pos: 200000,0.1,0.04,0.02,0.02
eefm_leg: 0.055,0.13,0.1
eefm_body: 0.1,0.003
eefm_cog: 35.3678